1279 97 1
1219 57 1
1059 85 1
986 133 1
952 64 1
1012 36 1
1642 88 1
869 85 1
785 185 1
889 88 1
833 205 1
780 205 1
632 132 1
1112 85 1
786 208 1
1778 48 1
1457 68 1
786 88 1
829 87 1
1181 48 1
302 88 1
1115 206 1
1236 48 1
1075 133 1
1297 31 1
963 87 1
849 133 1
809 120 1
965 51 1
861 51 1
749 146 1
1675 85 1
1739 85 1
743 87 1
739 146 1
879 205 1
852 88 1
1078 88 1
893 48 1
998 68 1
23 85 1
912 187 1
1324 31 1
1659 37 1
687 66 1
517 132 1
966 80 1
1213 116 1
143 88 1
911 88 1
879 197 1
956 177 1
1092 48 1
329 88 1
1032 86 1
1214 97 1
1392 85 1
1436 87 1
187 88 1
1696 88 1
822 48 1
493 85 1
1720 133 1
1184 132 1
739 87 1
977 48 1
462 85 1
1208 133 1
793 133 1
911 115 1
1319 161 1
797 133 1
1357 133 1
1272 97 1
812 66 1
1028 197 1
910 97 1
826 46 1
957 133 1
1227 205 1
1706 48 1
724 85 1
768 57 1
618 132 1
761 197 1
914 122 1
1060 88 1
1343 85 1
1195 80 1
1284 48 1
998 177 1
1319 215 1
1674 177 1
81 85 1
1171 133 1
515 88 1
838 97 1
719 177 1
676 85 1
1158 97 1
1277 177 1
1292 88 1
1191 71 1
775 88 1
941 77 1
110 132 1
920 68 1
913 85 1
1666 85 1
1406 48 1
1093 208 1
225 132 1
884 177 1
1051 48 1
40 85 1
1492 48 1
1312 48 1
872 185 1
841 87 1
1671 133 1
982 58 1
998 88 1
1099 68 1
1082 66 1
1135 48 1
1174 68 1
697 48 1
874 66 1
743 32 1
788 68 1
612 85 1
1286 208 1
763 132 1
1201 175 1
1231 88 1
248 88 1
842 146 1
31 88 1
68 132 1
786 97 1
872 80 1
837 68 1
1143 48 1
1333 48 1
510 88 1
875 68 1
949 197 1
877 169 1
858 85 1
536 48 1
1895 208 1
701 133 1
982 85 1
1282 85 1
1334 177 1
1924 102 1
757 146 1
934 87 1
914 1 1
1037 97 1
1278 185 1
1211 41 1
1611 88 1
1170 46 1
981 132 1
1895 87 1
851 86 1
1008 208 1
900 68 1
1812 48 1
1141 68 1
1005 57 1
374 85 1
1004 66 1
801 68 1
739 66 1
1041 133 1
831 133 1
973 183 1
1252 208 1
1095 148 1
1289 146 1
932 133 1
1236 68 1
899 133 1
871 97 1
1046 206 1
1048 48 1
858 86 1
1066 177 1
1591 88 1
1069 87 1
1085 88 1
1572 88 1
580 132 1
686 48 1
747 62 1
2 188 1
1168 177 1
926 146 1
784 132 1
1324 209 1
795 205 1
873 37 1
1462 88 1
965 185 1
1489 48 1
1136 48 1
911 206 1
786 205 1
1738 48 1
965 48 1
915 177 1
897 205 1
1337 151 1
667 48 1
818 48 1
914 146 1
911 31 1
1100 48 1
747 85 1
361 88 1
831 46 1
1463 88 1
1300 88 1
909 45 1
374 132 1
1241 132 1
1274 148 1
175 88 1
1771 132 1
336 88 1
1740 48 1
793 97 1
319 132 1
916 80 1
467 88 1
823 132 1
902 46 1
1285 57 1
796 48 1
658 88 1
956 183 1
872 146 1
620 133 1
214 88 1
1687 48 1
841 68 1
1024 88 1
874 120 1
944 135 1
685 88 1
1122 133 1
941 85 1
145 88 1
1118 88 1
1023 88 1
1140 205 1
842 77 1
977 57 1
1235 48 1
122 88 1
734 87 1
1509 85 1
767 85 1
1386 132 1
1335 56 1
856 48 1
1335 68 1
1237 57 1
1716 88 1
393 88 1
872 31 1
781 205 1
860 117 1
1251 177 1
923 66 1
965 61 1
333 88 1
731 48 1
1096 57 1
858 133 1
1711 88 1
984 154 1
953 66 1
1145 48 1
988 85 1
186 88 1
870 133 1
121 188 1
924 68 1
1111 132 1
953 146 1
1084 197 1
932 185 1
1431 48 1
1801 48 1
775 77 1
721 88 1
848 133 1
344 88 1
1297 133 1
924 88 1
1198 197 1
1685 77 1
1150 48 1
952 206 1
846 97 1
1287 133 1
970 133 1
842 97 1
1736 88 1
817 197 1
793 66 1
969 85 1
981 183 1
875 52 1
813 31 1
737 185 1
925 187 1
907 39 1
738 48 1
1205 85 1
1236 133 1
844 120 1
1138 68 1
915 62 1
1748 48 1
1222 123 1
992 88 1
1 85 1
965 68 1
1065 116 1
897 68 1
153 85 1
1771 85 1
675 68 1
735 177 1
730 132 1
740 48 1
848 80 1
1274 177 1
1053 88 1
675 88 1
1273 183 1
875 51 1
750 177 1
1290 177 1
671 88 1
1070 183 1
1240 208 1
1337 48 1
860 116 1
951 66 1
844 62 1
903 190 1
603 48 1
925 85 1
953 133 1
632 208 1
1822 48 1
914 48 1
1334 68 1
1201 206 1
1853 88 1
1287 48 1
1512 48 1
909 68 1
1240 97 1
1441 188 1
1297 97 1
1071 185 1
1286 64 1
751 205 1
1176 85 1
1819 48 1
886 133 1
902 133 1
1162 68 1
1316 121 1
1068 88 1
1012 136 1
429 132 1
274 88 1
1306 68 1
1205 132 1
721 68 1
1829 133 1
1017 133 1
93 132 1
812 46 1
955 86 1
1118 197 1
1151 88 1
213 132 1
932 97 1
764 48 1
764 133 1
967 110 1
1070 68 1
1435 48 1
687 81 1
937 85 1
1016 48 1
813 55 1
943 57 1
918 197 1
1287 57 1
1299 66 1
942 133 1
1240 68 1
751 88 1
831 188 1
872 208 1
847 188 1
966 79 1
845 62 1
834 68 1
984 97 1
924 183 1
752 197 1
888 208 1
840 177 1
920 185 1
900 88 1
1830 51 1
176 85 1
969 57 1
1120 48 1
924 185 1
890 31 1
1581 88 1
1067 85 1
1720 48 1
903 183 1
1589 88 1
944 183 1
1036 68 1
1274 149 1
872 89 1
1187 68 1
716 48 1
486 88 1
1237 183 1
491 132 1
993 116 1
937 88 1
880 188 1
971 139 1
1074 183 1
539 48 1
980 188 1
773 88 1
996 206 1
924 174 1
1201 86 1
1185 206 1
736 85 1
1183 87 1
967 46 1
635 48 1
1283 133 1
851 31 1
1324 188 1
743 169 1
1073 116 1
324 88 1
1055 206 1
1216 133 1
935 177 1
1826 48 1
1012 48 1
884 183 1
1059 48 1
1014 205 1
804 148 1
741 88 1
871 68 1
873 152 1
1097 146 1
1050 185 1
950 116 1
1059 77 1
1356 88 1
1013 48 1
1016 146 1
745 48 1
1033 45 1
884 64 1
671 48 1
787 48 1
1709 75 1
1010 80 1
781 135 1
1012 41 1
721 133 1
833 88 1
923 187 1
1335 205 1
844 133 1
1203 68 1
852 66 1
980 45 1
834 48 1
1919 188 1
852 86 1
836 87 1
1052 88 1
1064 95 1
292 132 1
1743 48 1
1009 68 1
862 66 1
861 133 1
1817 133 1
1834 188 1
178 88 1
924 169 1
949 48 1
937 41 1
1231 185 1
1218 68 1
1294 97 1
1832 48 1
1325 57 1
719 146 1
848 68 1
563 68 1
951 80 1
895 197 1
698 68 1
1152 48 1
771 80 1
787 208 1
813 131 1
746 154 1
873 13 1
923 62 1
1209 205 1
1470 88 1
784 97 1
1446 48 1
645 133 1
861 48 1
839 177 1
1073 133 1
863 46 1
1012 165 1
1664 131 1
1152 177 1
743 208 1
1219 86 1
1895 48 1
886 88 1
1063 133 1
1779 68 1
744 185 1
165 88 1
1144 97 1
869 63 1
1486 87 1
1118 85 1
597 88 1
1079 148 1
1157 209 1
912 197 1
924 208 1
103 88 1
1033 87 1
833 97 1
917 52 1
951 62 1
787 31 1
913 125 1
1739 132 1
831 80 1
249 88 1
850 87 1
744 87 1
871 133 1
1191 88 1
1674 66 1
1231 133 1
959 48 1
1135 133 1
1200 66 1
1707 48 1
846 198 1
1201 32 1
956 85 1
795 51 1
660 132 1
878 57 1
1336 32 1
865 20 1
873 175 1
1564 48 1
877 85 1
357 88 1
216 132 1
1197 205 1
1169 48 1
1279 205 1
1017 146 1
845 185 1
686 88 1
949 116 1
1400 48 1
864 87 1
1374 132 1
755 133 1
813 88 1
1216 185 1
1414 177 1
1105 197 1
717 88 1
804 14 1
1023 68 1
687 215 1
631 68 1
552 48 1
1335 177 1
1383 88 1
1062 206 1
1070 209 1
719 97 1
1037 177 1
1000 208 1
815 177 1
1136 185 1
553 102 1
985 85 1
1286 188 1
1182 85 1
731 188 1
1290 87 1
1031 197 1
1054 87 1
1222 48 1
978 88 1
890 66 1
1086 133 1
933 55 1
1052 132 1
933 96 1
940 85 1
1030 24 1
805 185 1
1082 48 1
1709 64 1
877 97 1
99 85 1
1029 132 1
1021 205 1
1311 48 1
1291 48 1
1819 183 1
924 31 1
1269 48 1
1749 132 1
919 102 1
1052 177 1
950 209 1
1010 57 1
1054 88 1
803 197 1
43 88 1
1201 183 1
1021 185 1
115 88 1
318 185 1
1800 188 1
987 133 1
376 85 1
925 208 1
956 116 1
1777 85 1
1328 132 1
770 66 1
53 88 1
936 177 1
1677 87 1
1321 68 1
317 88 1
1681 85 1
1089 154 1
742 86 1
1025 188 1
1072 197 1
1229 177 1
1445 85 1
923 133 1
1076 87 1
228 88 1
1157 68 1
1140 57 1
843 146 1
622 188 1
975 183 1
1064 207 1
1171 88 1
1173 68 1
953 206 1
1181 85 1
1584 88 1
104 85 1
1287 146 1
1465 88 1
1286 86 1
1337 88 1
1325 132 1
221 88 1
1319 48 1
1082 80 1
1012 37 1
954 132 1
1690 48 1
83 88 1
1033 32 1
1204 206 1
858 162 1
1030 209 1
75 85 1
236 132 1
1830 133 1
745 128 1
841 209 1
869 183 1
1144 208 1
1337 110 1
495 88 1
1283 86 1
873 187 1
747 61 1
414 88 1
978 86 1
1094 85 1
787 184 1
844 57 1
749 97 1
914 88 1
840 86 1
219 88 1
934 205 1
1216 205 1
901 87 1
1797 56 1
860 48 1
1319 133 1
1688 88 1
651 68 1
551 68 1
1020 87 1
6 132 1
977 146 1
1206 68 1
1278 205 1
762 66 1
226 85 1
1215 88 1
636 85 1
982 206 1
756 146 1
917 9 1
1076 68 1
1244 146 1
954 205 1
330 88 1
850 177 1
1010 88 1
706 132 1
1908 208 1
1337 187 1
944 177 1
565 88 1
1250 183 1
1294 48 1
984 120 1
958 133 1
950 80 1
1247 68 1
807 208 1
978 132 1
1026 66 1
1293 48 1
1244 205 1
1185 68 1
900 57 1
1495 48 1
1433 48 1
971 23 1
1114 205 1
924 87 1
871 88 1
1793 48 1
180 88 1
1073 48 1
843 87 1
1915 88 1
880 185 1
1341 97 1
1908 133 1
1147 185 1
852 187 1
666 208 1
375 85 1
1341 88 1
1709 132 1
966 54 1
782 68 1
74 88 1
797 196 1
861 146 1
744 120 1
879 88 1
1290 185 1
1318 132 1
915 191 1
859 120 1
1284 137 1
1010 68 1
901 68 1
788 57 1
1610 48 1
1829 68 1
1069 80 1
824 205 1
42 132 1
1668 48 1
879 146 1
1149 48 1
881 55 1
9 88 1
994 45 1
1033 97 1
991 185 1
492 88 1
743 132 1
900 87 1
1325 177 1
871 87 1
1145 206 1
1293 97 1
496 132 1
914 85 1
769 86 1
1327 88 1
1012 46 1
956 208 1
983 177 1
825 86 1
830 133 1
1102 206 1
1054 197 1
719 183 1
766 85 1
865 58 1
475 88 1
1021 97 1
345 85 1
533 88 1
1521 85 1
902 88 1
1064 185 1
1503 87 1
1328 123 1
918 88 1
969 177 1
693 48 1
741 48 1
1122 80 1
1313 183 1
1060 46 1
864 88 1
896 31 1
959 85 1
1050 48 1
1083 132 1
1670 48 1
924 43 1
1725 132 1
897 72 1
851 57 1
259 88 1
67 88 1
1218 197 1
891 133 1
1218 57 1
910 68 1
1095 57 1
1291 68 1
890 88 1
845 151 1
1044 68 1
1616 88 1
984 206 1
837 206 1
1025 206 1
934 209 1
944 49 1
1041 116 1
904 45 1
966 52 1
739 88 1
1069 68 1
871 183 1
967 68 1
786 201 1
933 208 1
900 118 1
836 32 1
1041 146 1
968 118 1
815 148 1
1156 188 1
1142 133 1
869 86 1
1154 97 1
1112 48 1
1147 146 1
1669 208 1
1337 132 1
1868 88 1
852 41 1
830 205 1
1707 172 1
1104 85 1
932 48 1
924 77 1
1300 77 1
1028 1 1
966 57 1
872 132 1
1858 85 1
907 188 1
914 66 1
956 97 1
1323 133 1
1171 177 1
1671 88 1
788 185 1
933 183 1
1527 48 1
1747 185 1
276 88 1
736 187 1
909 132 1
28 88 1
1213 48 1
969 31 1
625 88 1
137 88 1
1305 46 1
1068 208 1
810 46 1
543 48 1
413 85 1
850 86 1
837 31 1
1049 183 1
841 66 1
1040 68 1
743 80 1
1771 68 1
398 88 1
980 133 1
71 88 1
1586 88 1
954 85 1
82 88 1
904 31 1
1149 85 1
831 48 1
1825 85 1
1071 85 1
1620 177 1
1664 87 1
1017 132 1
904 197 1
1808 68 1
851 205 1
1325 136 1
1306 133 1
990 132 1
1416 48 1
1474 85 1
1324 87 1
895 52 1
562 188 1
1580 85 1
941 48 1
945 48 1
272 88 1
1357 132 1
1147 68 1
1837 48 1
1222 68 1
440 132 1
995 68 1
747 208 1
973 188 1
1025 88 1
1772 85 1
860 185 1
925 183 1
994 120 1
1148 97 1
300 85 1
966 185 1
1908 6 1
901 86 1
835 77 1
1094 88 1
1840 88 1
951 146 1
809 57 1
963 66 1
1191 66 1
842 68 1
764 68 1
849 48 1
978 146 1
500 85 1
959 57 1
842 80 1
432 88 1
607 48 1
734 66 1
852 87 1
46 88 1
1005 45 1
319 85 1
1824 132 1
870 113 1
830 64 1
1829 48 1
1571 88 1
1012 183 1
1492 85 1
1055 68 1
813 63 1
950 55 1
1922 48 1
1127 48 1
1169 132 1
494 85 1
1822 177 1
676 88 1
1763 188 1
253 132 1
48 132 1
1367 48 1
960 183 1
56 88 1
799 48 1
875 85 1
1282 188 1
1897 88 1
1533 48 1
571 48 1
900 71 1
1088 48 1
1029 188 1
760 188 1
900 66 1
1240 133 1
1823 51 1
995 48 1
1700 88 1
1336 88 1
1013 188 1
1173 205 1
897 206 1
1274 133 1
871 208 1
1033 48 1
571 192 1
1768 68 1
724 48 1
934 85 1
1172 48 1
1210 68 1
1040 48 1
636 132 1
1122 55 1
885 85 1
681 48 1
1176 46 1
1087 68 1
322 88 1
925 21 1
1032 88 1
861 85 1
1243 133 1
864 68 1
934 160 1
913 66 1
1660 85 1
743 146 1
686 177 1
952 62 1
70 88 1
954 24 1
1104 197 1
789 46 1
1105 48 1
377 88 1
1005 39 1
979 31 1
72 88 1
1083 114 1
1193 88 1
1684 14 1
771 85 1
1195 209 1
1105 88 1
1137 68 1
952 88 1
1101 48 1
852 208 1
1330 97 1
764 208 1
1070 48 1
421 88 1
993 68 1
247 88 1
551 48 1
1018 183 1
1133 48 1
750 188 1
741 97 1
1776 116 1
1319 146 1
689 177 1
1260 88 1
920 18 1
381 88 1
996 188 1
551 177 1
1289 85 1
890 64 1
805 52 1
1031 205 1
851 146 1
970 206 1
960 48 1
516 85 1
1848 48 1
1714 88 1
749 85 1
943 205 1
1798 132 1
1167 146 1
836 156 1
1204 48 1
1895 102 1
861 55 1
1663 88 1
890 132 1
1242 57 1
1192 146 1
1092 88 1
480 88 1
1753 208 1
1267 46 1
116 88 1
1020 88 1
252 88 1
970 85 1
996 68 1
813 16 1
831 87 1
1844 88 1
1211 48 1
586 88 1
955 88 1
1041 97 1
872 133 1
81 132 1
942 86 1
1298 48 1
982 80 1
84 88 1
229 88 1
1366 88 1
1089 133 1
1889 48 1
955 87 1
572 104 1
1054 68 1
1245 88 1
698 132 1
902 185 1
1542 48 1
833 132 1
837 88 1
1337 87 1
1923 88 1
1072 169 1
1332 132 1
750 48 1
869 206 1
802 205 1
959 205 1
738 88 1
862 206 1
1328 85 1
1078 66 1
1796 85 1
910 177 1
1213 133 1
1373 88 1
514 88 1
600 132 1
850 133 1
823 197 1
942 57 1
880 133 1
814 177 1
1168 185 1
1207 208 1
461 85 1
1174 206 1
840 188 1
1895 80 1
965 120 1
1209 206 1
883 48 1
996 185 1
1839 88 1
452 88 1
1029 88 1
1333 87 1
1209 187 1
1297 188 1
251 88 1
909 85 1
943 133 1
901 57 1
39 88 1
1315 185 1
915 206 1
793 48 1
1337 97 1
203 85 1
1048 32 1
1107 197 1
1418 68 1
924 86 1
826 146 1
941 188 1
1346 88 1
933 48 1
1693 48 1
1247 197 1
207 132 1
1444 188 1
1028 187 1
525 88 1
966 135 1
863 77 1
921 88 1
1359 132 1
1847 88 1
840 87 1
785 183 1
702 88 1
1237 85 1
362 88 1
1514 48 1
861 68 1
981 133 1
1338 48 1
1108 57 1
1008 183 1
206 85 1
891 132 1
1456 48 1
1055 48 1
1071 208 1
851 68 1
967 97 1
918 20 1
1502 132 1
1277 146 1
979 128 1
666 188 1
956 88 1
902 214 1
29 88 1
1545 48 1
793 88 1
1052 85 1
748 185 1
1880 133 1
852 120 1
306 88 1
1033 68 1
998 117 1
764 86 1
460 85 1
869 54 1
741 146 1
722 152 1
1769 48 1
966 88 1
988 131 1
836 68 1
1042 68 1
875 169 1
1088 188 1
1845 68 1
751 54 1
742 205 1
998 32 1
979 208 1
1096 68 1
1037 77 1
1534 68 1
993 56 1
1078 185 1
1243 48 1
846 48 1
1062 185 1
1754 85 1
943 66 1
66 88 1
1010 190 1
1030 87 1
883 85 1
945 68 1
1210 206 1
780 133 1
1208 209 1
1759 48 1
977 46 1
1634 88 1
93 85 1
1127 197 1
1334 209 1
476 88 1
1555 68 1
246 88 1
993 45 1
810 146 1
788 205 1
950 54 1
304 85 1
810 48 1
824 197 1
761 133 1
829 57 1
981 185 1
1122 116 1
1112 208 1
1199 132 1
1671 48 1
1325 87 1
804 188 1
1012 68 1
850 183 1
913 48 1
895 88 1
1041 46 1
1666 132 1
966 116 1
897 57 1
473 88 1
1198 183 1
1129 23 1
1000 48 1
1829 87 1
923 205 1
1417 48 1
742 48 1
937 205 1
965 57 1
1294 86 1
687 59 1
956 66 1
1285 86 1
848 66 1
1218 132 1
981 87 1
1142 205 1
924 56 1
399 85 1
1743 69 1
859 152 1
916 146 1
808 133 1
1540 87 1
797 66 1
1085 120 1
905 135 1
870 62 1
1149 132 1
1719 48 1
920 107 1
1081 97 1
993 64 1
1099 57 1
897 185 1
829 133 1
1831 48 1
1012 161 1
925 62 1
748 62 1
854 62 1
994 85 1
1283 88 1
832 97 1
1220 132 1
942 88 1
1214 205 1
1515 116 1
1493 188 1
918 46 1
983 88 1
1144 88 1
305 88 1
813 66 1
1412 68 1
176 132 1
366 132 1
1323 64 1
743 86 1
902 177 1
32 88 1
604 88 1
924 48 1
1066 206 1
1216 48 1
744 31 1
1410 87 1
1105 71 1
1201 68 1
1046 48 1
955 133 1
740 146 1
1276 80 1
1354 88 1
225 85 1
1075 120 1
950 132 1
815 85 1
1135 205 1
828 32 1
860 64 1
924 46 1
353 132 1
1305 197 1
1286 148 1
982 177 1
798 48 1
909 177 1
1068 68 1
956 146 1
898 78 1
606 185 1
979 120 1
873 208 1
183 88 1
1012 71 1
1287 80 1
425 85 1
788 87 1
788 146 1
817 48 1
1076 205 1
804 24 1
911 86 1
1312 88 1
1041 57 1
192 132 1
1334 87 1
679 88 1
1050 132 1
1829 188 1
943 68 1
858 57 1
756 197 1
1147 209 1
268 88 1
872 66 1
1097 48 1
881 57 1
1069 146 1
1036 183 1
1869 85 1
1671 188 1
640 132 1
1682 132 1
870 145 1
842 209 1
380 88 1
933 62 1
384 88 1
1094 66 1
1038 32 1
942 84 1
740 66 1
405 132 1
1338 24 1
1104 97 1
888 85 1
1069 48 1
1192 48 1
1357 85 1
880 48 1
1297 48 1
745 80 1
977 80 1
574 66 1
919 133 1
1551 88 1
934 132 1
1039 68 1
1033 132 1
299 132 1
1335 86 1
837 85 1
1618 88 1
1794 177 1
1003 205 1
1204 209 1
100 132 1
773 185 1
874 146 1
1325 185 1
902 1 1
699 88 1
1065 1 1
904 208 1
1252 154 1
836 85 1
966 188 1
859 97 1
747 185 1
1127 40 1
1683 88 1
808 88 1
920 48 1
1030 185 1
742 97 1
834 87 1
848 88 1
1053 24 1
764 85 1
1130 183 1
877 205 1
759 133 1
916 205 1
618 116 1
1219 133 1
1653 85 1
1686 88 1
904 185 1
865 123 1
1825 132 1
1133 197 1
1003 185 1
142 132 1
1248 132 1
835 177 1
938 177 1
915 64 1
1207 209 1
962 143 1
1065 85 1
1550 88 1
937 185 1
1186 68 1
722 177 1
743 206 1
1189 132 1
829 68 1
1643 88 1
788 62 1
1285 85 1
1809 133 1
1332 88 1
855 48 1
640 85 1
1265 208 1
874 196 1
945 116 1
1185 85 1
778 133 1
925 0 1
843 209 1
1030 132 1
918 97 1
1283 185 1
1325 206 1
814 71 1
750 206 1
914 68 1
572 132 1
1101 146 1
927 88 1
961 118 1
896 66 1
1012 80 1
1290 132 1
1285 46 1
924 97 1
830 183 1
947 148 1
1000 196 1
1337 177 1
200 88 1
1287 197 1
879 48 1
1025 68 1
1137 48 1
1010 87 1
1915 48 1
1172 68 1
789 209 1
1038 169 1
1203 41 1
1145 197 1
509 85 1
1818 188 1
433 132 1
873 80 1
799 132 1
771 66 1
1050 87 1
719 118 1
1274 87 1
1129 85 1
1005 97 1
1891 48 1
829 197 1
1116 133 1
1681 88 1
731 102 1
1349 185 1
749 177 1
594 88 1
29 132 1
1025 183 1
485 85 1
1012 205 1
1263 48 1
877 57 1
933 85 1
825 80 1
459 88 1
739 97 1
364 132 1
1918 88 1
1678 133 1
840 208 1
1372 48 1
1124 88 1
982 187 1
1318 177 1
1501 88 1
789 133 1
987 48 1
1033 146 1
744 97 1
469 88 1
1895 132 1
1081 207 1
1097 85 1
787 64 1
1227 197 1
862 68 1
804 80 1
1617 88 1
787 62 1
1139 188 1
1064 62 1
1265 185 1
766 185 1
1044 48 1
126 88 1
1209 88 1
1294 87 1
787 151 1
1012 206 1
1410 88 1
502 188 1
840 31 1
971 120 1
813 210 1
880 177 1
1047 68 1
1704 88 1
846 120 1
776 132 1
941 88 1
877 146 1
933 146 1
1483 88 1
1491 88 1
623 68 1
719 188 1
666 68 1
991 45 1
973 206 1
912 185 1
829 205 1
819 86 1
1373 48 1
869 48 1
1399 88 1
981 97 1
634 77 1
1066 208 1
911 146 1
1314 46 1
1320 88 1
774 197 1
912 177 1
854 190 1
1758 48 1
1250 185 1
1440 68 1
1088 24 1
994 66 1
1858 132 1
748 132 1
1252 48 1
719 85 1
747 48 1
911 133 1
851 77 1
1285 133 1
1026 132 1
936 132 1
1497 85 1
1817 51 1
708 104 1
1637 88 1
857 88 1
29 85 1
508 88 1
1028 48 1
151 88 1
1498 88 1
896 48 1
789 85 1
746 48 1
1063 46 1
1312 86 1
1183 85 1
1324 48 1
1295 97 1
1256 41 1
743 62 1
1076 132 1
1210 177 1
1052 97 1
852 68 1
1224 88 1
900 136 1
1455 48 1
1775 88 1
1021 146 1
1792 48 1
983 205 1
1283 177 1
896 68 1
745 132 1
1121 197 1
951 48 1
886 205 1
656 133 1
954 177 1
1896 88 1
477 88 1
1115 209 1
88 87 1
506 88 1
1363 88 1
926 197 1
1128 97 1
1207 80 1
118 132 1
993 132 1
904 120 1
301 85 1
1158 68 1
1205 68 1
1248 188 1
766 68 1
749 205 1
1146 177 1
1232 86 1
1117 185 1
1623 48 1
788 24 1
1019 68 1
749 48 1
874 85 1
853 97 1
956 118 1
838 66 1
969 106 1
764 32 1
907 185 1
1131 68 1
915 48 1
1017 206 1
977 85 1
546 132 1
883 97 1
1006 48 1
836 205 1
915 88 1
1311 85 1
1292 131 1
1108 133 1
775 148 1
883 177 1
749 197 1
478 88 1
913 182 1
1277 86 1
949 68 1
967 32 1
1065 188 1
242 132 1
871 205 1
1240 57 1
1032 133 1
1817 177 1
816 132 1
747 132 1
1723 48 1
1048 177 1
1635 88 1
1203 97 1
757 132 1
1850 85 1
1026 48 1
1018 46 1
1056 205 1
951 185 1
761 205 1
1002 97 1
1235 132 1
185 88 1
845 87 1
1016 205 1
933 133 1
1665 132 1
737 195 1
1707 127 1
1297 208 1
1492 88 1
970 68 1
470 88 1
1040 46 1
756 48 1
1033 197 1
982 1 1
554 132 1
334 88 1
1085 132 1
335 88 1
743 64 1
1015 97 1
873 41 1
956 197 1
750 97 1
106 85 1
1207 68 1
572 88 1
1215 46 1
742 54 1
838 80 1
1653 68 1
1240 151 1
787 112 1
1389 88 1
795 87 1
1044 46 1
943 85 1
652 88 1
62 88 1
933 205 1
1686 188 1
1713 88 1
949 86 1
941 140 1
644 51 1
924 178 1
1674 31 1
273 132 1
1404 48 1
813 133 1
1681 132 1
822 97 1
698 77 1
1664 68 1
1436 188 1
1067 48 1
1000 177 1
559 88 1
1029 48 1
874 84 1
860 110 1
687 53 1
912 85 1
743 151 1
850 48 1
766 132 1
869 80 1
874 56 1
1342 88 1
1657 87 1
1008 64 1
1164 46 1
1655 88 1
994 177 1
600 131 1
852 48 1
1117 68 1
98 88 1
1223 206 1
1926 85 1
1148 48 1
816 48 1
76 88 1
1261 48 1
971 183 1
596 48 1
1041 205 1
346 85 1
949 24 1
1055 66 1
768 205 1
964 48 1
633 48 1
925 68 1
1122 209 1
719 88 1
724 132 1
1026 1 1
466 88 1
1305 57 1
974 205 1
1304 133 1
1099 85 1
896 197 1
771 37 1
59 85 1
1015 41 1
595 88 1
1251 205 1
891 149 1
465 88 1
1482 188 1
429 85 1
838 120 1
1316 68 1
929 188 1
1143 88 1
930 68 1
1027 88 1
650 88 1
372 88 1
923 177 1
1497 48 1
1341 133 1
371 88 1
742 132 1
1878 188 1
909 176 1
977 185 1
399 132 1
962 146 1
700 68 1
981 57 1
1070 188 1
788 177 1
915 55 1
1257 88 1
953 87 1
1730 88 1
1054 85 1
312 85 1
101 132 1
865 206 1
686 68 1
1145 205 1
982 88 1
303 85 1
598 88 1
808 97 1
1705 88 1
1035 97 1
1526 88 1
1301 131 1
1113 185 1
1049 68 1
1201 46 1
873 31 1
925 135 1
915 132 1
158 132 1
838 187 1
942 97 1
915 74 1
1004 133 1
1066 48 1
1319 11 1
771 88 1
856 132 1
235 85 1
1000 88 1
1050 133 1
1011 205 1
1076 88 1
1244 68 1
958 68 1
1872 88 1
910 205 1
801 149 1
940 132 1
1114 48 1
897 183 1
838 68 1
1298 87 1
1226 85 1
943 64 1
943 87 1
1323 185 1
328 132 1
1025 48 1
718 88 1
1044 132 1
18 88 1
852 77 1
884 68 1
1148 146 1
293 85 1
1607 88 1
342 88 1
19 88 1
1297 68 1
453 85 1
1099 208 1
1290 88 1
1275 188 1
1030 85 1
24 88 1
952 85 1
1412 188 1
1292 48 1
1422 68 1
1429 177 1
1859 88 1
1089 197 1
198 88 1
413 132 1
1728 68 1
1085 85 1
1192 120 1
1804 185 1
1286 205 1
1756 48 1
918 133 1
902 206 1
1097 88 1
1025 146 1
619 116 1
954 41 1
1338 66 1
1325 68 1
887 185 1
899 185 1
1045 133 1
363 85 1
1191 68 1
958 71 1
1538 88 1
788 70 1
654 188 1
1041 32 1
983 208 1
846 46 1
1207 85 1
1036 45 1
952 66 1
1337 66 1
938 48 1
1033 205 1
1148 208 1
955 207 1
874 68 1
1005 152 1
735 97 1
1439 188 1
944 169 1
1020 48 1
1051 187 1
852 118 1
1201 208 1
884 57 1
698 35 1
164 88 1
1531 188 1
1014 133 1
1032 131 1
786 133 1
845 1 1
965 80 1
907 132 1
1299 48 1
1189 66 1
852 99 1
1222 133 1
135 132 1
1286 48 1
953 85 1
1770 88 1
851 89 1
1020 205 1
1324 80 1
171 88 1
1209 133 1
131 88 1
1323 48 1
748 126 1
808 132 1
812 48 1
311 88 1
1021 133 1
1007 66 1
1085 208 1
1052 187 1
973 68 1
571 41 1
673 68 1
1082 206 1
768 185 1
926 205 1
1279 132 1
4 88 1
965 149 1
1023 48 1
844 37 1
788 1 1
945 87 1
956 57 1
823 71 1
648 133 1
918 68 1
977 87 1
955 146 1
1290 77 1
737 48 1
814 88 1
386 88 1
1470 68 1
497 88 1
591 132 1
875 206 1
1074 88 1
977 133 1
1716 68 1
1820 87 1
897 97 1
1052 87 1
1270 85 1
213 85 1
61 88 1
1370 48 1
1287 185 1
1015 66 1
743 51 1
935 85 1
983 206 1
1392 48 1
873 146 1
828 133 1
949 62 1
746 87 1
793 208 1
1071 177 1
839 133 1
1251 132 1
1671 46 1
1292 57 1
1285 68 1
1144 206 1
814 173 1
1014 197 1
777 185 1
983 197 1
1169 97 1
904 48 1
1326 183 1
698 32 1
1251 197 1
1204 46 1
920 87 1
1204 194 1
1895 85 1
661 177 1
920 146 1
1785 48 1
1157 133 1
1085 102 1
884 88 1
1204 85 1
1182 68 1
1026 68 1
1709 210 1
771 152 1
1096 24 1
876 185 1
1319 87 1
954 48 1
1420 88 1
1015 133 1
1444 48 1
943 208 1
849 188 1
1002 132 1
940 177 1
1254 120 1
1028 85 1
1271 177 1
900 46 1
210 88 1
901 76 1
859 24 1
909 196 1
965 98 1
1916 68 1
915 29 1
915 87 1
524 85 1
878 68 1
1016 69 1
768 68 1
813 68 1
1054 185 1
986 132 1
1085 98 1
852 148 1
777 88 1
974 116 1
1189 57 1
1088 86 1
1168 88 1
1325 62 1
639 116 1
864 48 1
1200 46 1
732 88 1
1309 85 1
881 88 1
351 88 1
872 209 1
60 85 1
847 27 1
956 133 1
983 146 1
1323 208 1
1336 85 1
1071 48 1
841 141 1
980 183 1
1302 48 1
896 136 1
900 133 1
996 80 1
793 146 1
899 87 1
891 46 1
1284 66 1
785 132 1
1048 185 1
903 188 1
1252 31 1
1054 133 1
1072 133 1
1240 185 1
719 208 1
751 68 1
1678 116 1
932 66 1
1402 188 1
1165 132 1
1832 88 1
1228 57 1
1452 68 1
913 122 1
266 88 1
1603 48 1
1664 177 1
1229 149 1
1042 66 1
1576 48 1
915 54 1
1058 197 1
965 62 1
616 88 1
932 137 1
852 177 1
585 88 1
834 209 1
1096 87 1
1774 48 1
708 48 1
42 88 1
897 146 1
1108 188 1
744 146 1
1117 209 1
895 208 1
294 85 1
1290 183 1
1066 62 1
1424 87 1
858 88 1
1242 133 1
840 48 1
993 133 1
943 132 1
948 97 1
1115 68 1
1781 133 1
834 80 1
852 85 1
1034 133 1
1240 85 1
942 185 1
574 48 1
1012 133 1
1746 132 1
1303 133 1
1280 197 1
1000 85 1
864 133 1
845 41 1
876 133 1
1061 136 1
1274 68 1
900 48 1
0 68 1
1093 66 1
1065 66 1
771 69 1
1196 68 1
253 85 1
1283 97 1
1088 146 1
6 85 1
1328 48 1
879 68 1
1294 85 1
566 88 1
1008 146 1
861 87 1
1203 48 1
1094 133 1
849 183 1
1709 68 1
982 188 1
1671 209 1
739 85 1
1204 133 1
1147 66 1
1325 88 1
1004 48 1
745 62 1
1229 206 1
887 85 1
887 57 1
878 46 1
1051 188 1
1242 209 1
1010 177 1
877 48 1
1202 97 1
1005 48 1
1336 185 1
1104 48 1
919 206 1
1831 66 1
1272 85 1
1222 206 1
1081 68 1
1868 48 1
1782 68 1
1122 85 1
978 62 1
786 185 1
314 88 1
1797 68 1
988 46 1
1287 208 1
1085 48 1
887 205 1
1277 55 1
973 85 1
535 68 1
100 85 1
887 133 1
1218 205 1
845 68 1
862 88 1
987 66 1
1471 88 1
942 179 1
1092 85 1
1203 131 1
1260 149 1
1876 154 1
932 87 1
1102 85 1
879 133 1
787 133 1
943 48 1
719 68 1
1036 24 1
1243 46 1
1445 87 1
1074 55 1
1234 133 1
945 85 1
1479 188 1
328 85 1
1192 88 1
884 205 1
1426 177 1
854 97 1
1284 146 1
719 51 1
920 206 1
869 31 1
915 205 1
600 68 1
748 177 1
346 185 1
1078 85 1
1060 48 1
1036 88 1
347 188 1
873 206 1
1218 206 1
781 197 1
1275 123 1
1038 205 1
842 87 1
832 48 1
1028 68 1
1054 125 1
1674 133 1
969 185 1
190 132 1
1338 1 1
1392 132 1
752 132 1
1175 197 1
1838 88 1
1012 147 1
933 88 1
813 208 1
901 146 1
1817 48 1
1096 85 1
91 88 1
669 48 1
886 41 1
735 85 1
406 88 1
850 116 1
1167 97 1
966 187 1
1231 46 1
1032 85 1
1051 85 1
743 148 1
979 185 1
937 188 1
1037 188 1
1274 31 1
1716 132 1
1415 48 1
1073 46 1
739 205 1
869 116 1
818 188 1
1186 206 1
1119 185 1
1068 152 1
47 88 1
861 86 1
915 86 1
756 66 1
1326 133 1
1516 48 1
905 133 1
415 132 1
1820 48 1
1297 87 1
816 86 1
1277 66 1
1691 48 1
1815 88 1
1171 185 1
854 206 1
971 133 1
1291 80 1
1244 118 1
1278 177 1
842 214 1
848 157 1
982 48 1
493 132 1
871 185 1
1085 68 1
1059 136 1
1113 146 1
290 85 1
1091 206 1
974 120 1
838 87 1
943 46 1
1304 46 1
993 85 1
743 205 1
1324 88 1
1032 177 1
1908 132 1
1007 26 1
1219 132 1
1203 187 1
1338 85 1
978 118 1
1075 88 1
1117 48 1
898 205 1
617 48 1
577 68 1
742 206 1
1072 85 1
995 116 1
914 132 1
898 88 1
1049 88 1
1076 80 1
1258 183 1
194 85 1
1253 206 1
468 88 1
913 133 1
1228 133 1
1189 87 1
1326 68 1
1809 48 1
1042 62 1
890 85 1
1667 87 1
863 85 1
1076 46 1
818 20 1
1001 48 1
162 85 1
1826 133 1
981 48 1
300 132 1
331 88 1
1031 146 1
814 132 1
925 209 1
1709 15 1
553 133 1
690 88 1
401 85 1
847 132 1
795 169 1
1284 133 1
1240 62 1
860 88 1
1171 197 1
1209 48 1
338 88 1
880 97 1
1273 48 1
1076 48 1
1066 146 1
1274 98 1
1014 48 1
1057 48 1
1305 85 1
1305 48 1
755 146 1
854 88 1
1011 68 1
1335 85 1
1600 88 1
911 57 1
1709 85 1
698 3 1
813 132 1
1334 133 1
590 85 1
846 146 1
979 48 1
687 189 1
862 137 1
618 68 1
1272 132 1
258 88 1
925 64 1
852 131 1
869 188 1
891 97 1
1262 197 1
881 208 1
771 41 1
744 177 1
764 31 1
884 195 1
775 209 1
1319 68 1
1156 101 1
434 88 1
212 88 1
1188 68 1
509 132 1
1313 97 1
1664 208 1
967 185 1
912 132 1
1212 97 1
1484 85 1
1507 88 1
547 48 1
1073 85 1
698 116 1
1341 213 1
831 197 1
945 132 1
831 1 1
1011 88 1
743 116 1
924 176 1
12 132 1
1337 148 1
841 88 1
937 87 1
1672 188 1
1057 88 1
863 66 1
858 185 1
1059 146 1
786 24 1
277 88 1
873 185 1
876 183 1
1224 68 1
849 88 1
1020 197 1
606 88 1
1064 71 1
1069 132 1
842 48 1
1334 66 1
904 57 1
681 68 1
1585 88 1
489 85 1
1286 87 1
915 116 1
224 88 1
544 48 1
1758 88 1
957 132 1
1019 45 1
211 132 1
1508 88 1
734 132 1
992 85 1
1030 133 1
913 1 1
1779 116 1
1609 88 1
675 177 1
285 88 1
1256 68 1
1605 88 1
1008 88 1
1251 133 1
933 185 1
877 133 1
129 88 1
910 197 1
1036 139 1
1234 205 1
1064 55 1
916 48 1
1102 197 1
385 88 1
1336 86 1
293 132 1
965 84 1
852 57 1
1530 48 1
1514 88 1
1220 48 1
1652 48 1
1125 97 1
862 185 1
1799 85 1
1481 188 1
936 61 1
513 88 1
1116 206 1
1248 68 1
688 133 1
775 197 1
891 185 1
1052 205 1
967 132 1
1191 177 1
1335 87 1
1371 88 1
1012 57 1
841 212 1
209 88 1
909 183 1
906 197 1
951 188 1
562 88 1
1674 127 1
1247 206 1
1100 208 1
966 110 1
698 177 1
768 88 1
1335 97 1
1310 68 1
949 177 1
902 48 1
567 88 1
1277 133 1
966 63 1
1864 88 1
526 132 1
1323 197 1
90 88 1
294 132 1
1520 85 1
698 185 1
191 88 1
747 68 1
1026 88 1
1176 68 1
1031 185 1
1025 85 1
1521 132 1
670 88 1
369 88 1
1032 47 1
735 146 1
1064 206 1
206 132 1
1116 57 1
1057 85 1
412 85 1
924 69 1
872 206 1
1338 97 1
1006 46 1
747 87 1
354 132 1
408 85 1
904 66 1
1265 68 1
903 80 1
946 146 1
1222 85 1
720 56 1
1323 85 1
1313 68 1
855 205 1
860 87 1
870 132 1
1223 68 1
875 146 1
1337 146 1
264 88 1
895 132 1
924 20 1
500 132 1
825 133 1
912 188 1
1071 133 1
1664 187 1
719 185 1
1760 188 1
852 39 1
529 88 1
993 208 1
944 68 1
858 55 1
915 41 1
748 23 1
602 68 1
801 133 1
830 146 1
944 118 1
1891 88 1
907 80 1
633 68 1
1151 183 1
1067 197 1
1319 185 1
1377 133 1
918 116 1
911 68 1
94 88 1
1061 68 1
943 177 1
875 133 1
770 88 1
1397 188 1
953 62 1
825 209 1
845 208 1
1738 87 1
1046 175 1
1287 205 1
1761 177 1
1092 68 1
869 88 1
1822 133 1
813 188 1
879 132 1
150 132 1
64 88 1
939 97 1
1659 48 1
1829 85 1
850 196 1
1695 133 1
1012 188 1
218 85 1
1298 66 1
740 132 1
1728 97 1
934 31 1
1329 132 1
1846 77 1
391 88 1
1037 68 1
943 185 1
1606 88 1
1287 55 1
952 87 1
967 87 1
693 88 1
114 88 1
854 208 1
1295 197 1
705 188 1
1229 116 1
1071 41 1
931 97 1
941 87 1
1310 66 1
1284 88 1
1383 188 1
1115 57 1
914 208 1
417 88 1
1632 88 1
1179 87 1
785 187 1
726 88 1
911 71 1
1524 132 1
1088 87 1
1055 177 1
836 146 1
1221 205 1
744 24 1
591 85 1
872 205 1
1062 51 1
337 88 1
1835 48 1
1073 68 1
854 177 1
934 39 1
902 87 1
1091 185 1
1268 68 1
787 88 1
1566 48 1
843 177 1
1064 90 1
870 209 1
436 88 1
888 46 1
933 97 1
811 205 1
1784 85 1
1076 133 1
1277 132 1
719 153 1
1679 48 1
850 132 1
745 64 1
937 48 1
1252 132 1
851 48 1
985 133 1
674 48 1
1185 48 1
842 88 1
983 85 1
1260 133 1
1587 48 1
1017 88 1
1529 88 1
130 88 1
1419 48 1
720 64 1
1664 48 1
897 66 1
1683 48 1
1907 68 1
1427 48 1
1076 57 1
1548 88 1
1540 85 1
845 122 1
904 146 1
804 68 1
1731 116 1
720 85 1
1543 68 1
1902 88 1
1701 132 1
420 88 1
1051 209 1
873 132 1
754 57 1
1050 85 1
1728 188 1
1557 48 1
660 85 1
1082 85 1
607 88 1
944 97 1
13 88 1
1065 48 1
751 177 1
887 48 1
1813 132 1
1296 132 1
841 52 1
698 88 1
1659 68 1
814 31 1
1054 132 1
911 87 1
1323 146 1
1094 148 1
966 177 1
956 80 1
902 86 1
994 205 1
937 197 1
1203 118 1
1064 68 1
817 132 1
807 177 1
1012 31 1
934 86 1
1755 88 1
231 85 1
911 48 1
1279 86 1
752 205 1
984 48 1
978 87 1
1028 205 1
1048 68 1
936 48 1
788 66 1
926 108 1
1229 62 1
955 68 1
734 48 1
1061 48 1
1528 88 1
1190 205 1
945 57 1
904 77 1
935 68 1
847 133 1
127 85 1
850 118 1
915 151 1
1095 86 1
1335 187 1
1082 52 1
1752 85 1
999 68 1
831 206 1
1807 88 1
900 205 1
977 68 1
851 88 1
1664 132 1
1779 87 1
1908 68 1
958 206 1
569 88 1
936 66 1
899 132 1
806 48 1
770 48 1
350 88 1
1068 80 1
1357 80 1
1014 85 1
743 68 1
1242 197 1
883 146 1
1053 85 1
1059 87 1
433 85 1
1229 132 1
881 31 1
1391 133 1
1151 206 1
1062 88 1
919 205 1
799 85 1
1536 88 1
698 69 1
1000 214 1
1248 133 1
21 85 1
1337 64 1
1290 41 1
1203 188 1
775 48 1
912 31 1
551 168 1
719 132 1
1062 85 1
1060 132 1
942 46 1
1148 68 1
1235 205 1
1493 68 1
1067 177 1
1855 88 1
1314 68 1
1319 197 1
858 97 1
1274 85 1
874 97 1
1477 85 1
1391 88 1
1279 48 1
838 190 1
937 97 1
962 48 1
727 88 1
836 46 1
802 197 1
749 37 1
895 85 1
915 57 1
1018 133 1
1228 41 1
841 54 1
810 85 1
1334 80 1
1409 48 1
914 45 1
746 123 1
1304 188 1
1481 85 1
1251 86 1
838 85 1
874 133 1
659 85 1
1237 177 1
1251 68 1
980 88 1
909 133 1
965 183 1
1032 68 1
1592 88 1
1285 132 1
1027 133 1
557 88 1
698 51 1
1662 88 1
920 132 1
915 97 1
794 48 1
875 185 1
1319 166 1
958 88 1
911 208 1
390 88 1
970 88 1
910 209 1
1789 88 1
920 85 1
1459 88 1
1480 48 1
836 48 1
1040 132 1
684 88 1
924 51 1
711 85 1
691 68 1
777 85 1
915 125 1
1861 88 1
867 48 1
1328 68 1
428 88 1
1148 205 1
905 197 1
847 62 1
870 41 1
1230 85 1
787 57 1
977 188 1
179 85 1
895 39 1
1657 116 1
698 102 1
953 188 1
860 85 1
1272 208 1
290 132 1
1243 188 1
838 122 1
992 185 1
794 68 1
852 205 1
1926 132 1
395 88 1
1032 132 1
1338 208 1
988 116 1
1127 87 1
1019 132 1
1271 132 1
1878 133 1
956 41 1
978 48 1
325 188 1
728 88 1
1312 85 1
1052 57 1
709 48 1
1277 88 1
688 48 1
960 146 1
464 88 1
1252 88 1
850 197 1
1154 177 1
919 71 1
949 205 1
916 31 1
382 88 1
750 56 1
847 46 1
912 64 1
1328 86 1
873 87 1
925 116 1
819 48 1
852 146 1
1086 68 1
902 97 1
1252 146 1
961 132 1
1042 151 1
848 146 1
934 48 1
1290 209 1
1882 177 1
766 177 1
963 85 1
936 41 1
1337 205 1
954 97 1
924 28 1
1009 97 1
611 132 1
1095 205 1
874 190 1
359 88 1
953 132 1
1258 68 1
110 85 1
787 68 1
1289 88 1
868 133 1
1066 183 1
772 68 1
491 85 1
441 88 1
950 68 1
735 133 1
918 149 1
895 57 1
820 132 1
278 88 1
969 97 1
872 197 1
532 68 1
950 48 1
1068 85 1
941 41 1
787 80 1
1133 205 1
1114 57 1
878 205 1
1062 209 1
758 133 1
1213 97 1
1166 197 1
1049 85 1
1326 48 1
956 48 1
872 97 1
1494 88 1
461 132 1
804 48 1
1175 205 1
528 88 1
1895 62 1
1689 68 1
1310 116 1
1040 133 1
665 88 1
993 46 1
1438 208 1
954 188 1
614 48 1
1510 188 1
1110 206 1
1097 116 1
1786 88 1
817 46 1
1252 87 1
1017 185 1
315 88 1
1114 197 1
979 118 1
1064 133 1
1377 48 1
1105 66 1
932 46 1
1422 133 1
940 48 1
790 88 1
791 87 1
1784 132 1
488 88 1
485 132 1
202 85 1
831 68 1
358 88 1
1297 197 1
813 152 1
152 88 1
925 57 1
774 205 1
1278 132 1
1142 48 1
775 31 1
1382 48 1
929 46 1
239 88 1
890 48 1
1477 188 1
1057 205 1
844 87 1
1488 68 1
1676 102 1
244 88 1
771 177 1
1078 48 1
1290 48 1
862 116 1
1659 116 1
1064 99 1
667 188 1
955 205 1
1035 46 1
917 48 1
830 120 1
1599 48 1
1051 97 1
1764 48 1
1565 88 1
1285 88 1
1209 68 1
896 46 1
773 86 1
1279 177 1
1266 41 1
1170 88 1
745 85 1
1385 188 1
1004 88 1
396 132 1
779 205 1
1630 88 1
1038 97 1
1133 183 1
1052 148 1
1020 185 1
848 132 1
1277 57 1
837 120 1
1089 205 1
741 87 1
933 41 1
118 85 1
1559 177 1
1602 88 1
1311 66 1
831 85 1
936 68 1
1116 209 1
1086 41 1
1274 97 1
609 48 1
1057 188 1
168 88 1
785 146 1
776 46 1
156 132 1
1697 188 1
1137 133 1
965 116 1
1870 85 1
1296 88 1
1042 133 1
876 85 1
7 88 1
1296 48 1
1285 183 1
1077 133 1
1364 188 1
316 132 1
1721 88 1
1244 41 1
327 88 1
942 64 1
1879 85 1
949 118 1
17 88 1
1588 177 1
339 88 1
787 132 1
746 185 1
723 88 1
1471 116 1
1752 132 1
1895 68 1
915 146 1
1004 185 1
840 205 1
1870 132 1
1265 48 1
936 88 1
1203 208 1
1222 88 1
1065 183 1
607 133 1
901 97 1
884 85 1
996 48 1
205 88 1
917 188 1
830 48 1
880 62 1
1812 88 1
1207 46 1
1143 97 1
1893 88 1
68 85 1
1022 206 1
834 208 1
873 88 1
873 177 1
924 55 1
894 205 1
1836 48 1
777 135 1
839 48 1
1052 66 1
1456 88 1
858 146 1
1147 46 1
1304 68 1
923 18 1
787 185 1
913 88 1
817 97 1
402 88 1
1786 48 1
913 208 1
967 48 1
677 188 1
1175 46 1
1341 132 1
910 132 1
192 85 1
1410 188 1
951 56 1
998 206 1
1054 122 1
836 169 1
794 205 1
1066 66 1
1135 68 1
1062 133 1
1384 188 1
558 85 1
1310 133 1
989 48 1
953 57 1
849 54 1
913 131 1
953 31 1
95 88 1
751 85 1
1278 133 1
852 197 1
600 48 1
1148 209 1
1572 85 1
182 88 1
299 85 1
992 133 1
411 88 1
675 188 1
1831 133 1
1088 57 1
1009 185 1
1451 48 1
1112 41 1
711 132 1
1015 197 1
904 205 1
804 97 1
967 51 1
1124 48 1
797 185 1
364 85 1
1327 205 1
751 56 1
1195 208 1
1319 64 1
779 57 1
874 80 1
754 48 1
1290 31 1
1553 88 1
897 85 1
899 54 1
1280 48 1
951 55 1
1292 205 1
770 152 1
1323 80 1
888 97 1
1216 197 1
1066 85 1
1890 188 1
974 45 1
881 152 1
232 88 1
1428 88 1
1650 88 1
504 88 1
901 177 1
1874 48 1
1105 133 1
403 88 1
518 88 1
1671 132 1
772 135 1
1886 88 1
1485 88 1
1244 48 1
1197 85 1
442 88 1
1631 88 1
955 132 1
1324 97 1
1582 88 1
1657 88 1
1004 206 1
1615 88 1
920 52 1
810 88 1
951 208 1
965 146 1
25 132 1
1191 48 1
320 88 1
1335 206 1
941 177 1
275 132 1
1056 68 1
1085 87 1
1299 46 1
1140 97 1
879 185 1
944 77 1
1084 97 1
861 116 1
965 66 1
978 41 1
1562 88 1
423 88 1
1127 85 1
149 88 1
1000 87 1
698 87 1
1887 48 1
899 88 1
978 97 1
250 88 1
1309 146 1
950 104 1
955 31 1
1668 87 1
1716 33 1
822 68 1
998 50 1
698 133 1
255 88 1
741 57 1
1198 205 1
1265 56 1
1671 55 1
859 185 1
956 205 1
852 62 1
862 48 1
1472 27 1
588 48 1
177 132 1
1029 133 1
1100 205 1
886 209 1
1087 206 1
1066 120 1
1177 132 1
871 132 1
1915 68 1
235 132 1
786 85 1
851 87 1
961 133 1
1329 48 1
813 85 1
884 133 1
273 85 1
254 88 1
980 85 1
1044 57 1
1 188 1
809 214 1
1251 195 1
863 146 1
1306 48 1
788 208 1
886 57 1
1237 146 1
876 62 1
998 148 1
1289 133 1
291 88 1
1020 85 1
1063 80 1
1125 85 1
1328 197 1
1284 86 1
1015 88 1
850 176 1
1259 48 1
960 88 1
896 177 1
945 32 1
1298 205 1
1348 85 1
233 87 1
1005 88 1
1096 132 1
1469 68 1
1710 88 1
1335 132 1
415 85 1
873 135 1
907 48 1
903 66 1
1094 187 1
877 88 1
737 97 1
238 88 1
786 62 1
942 188 1
1060 136 1
1012 132 1
868 88 1
125 88 1
1198 185 1
1034 46 1
924 206 1
961 48 1
1102 97 1
1786 133 1
896 208 1
42 85 1
897 132 1
106 88 1
438 88 1
1057 177 1
775 132 1
287 85 1
1274 146 1
1709 133 1
744 188 1
1274 61 1
1192 68 1
1664 188 1
574 2 1
823 48 1
1012 109 1
1408 48 1
1194 57 1
1325 208 1
779 197 1
735 57 1
846 62 1
1286 177 1
945 177 1
954 62 1
943 139 1
481 85 1
738 97 1
978 57 1
1030 177 1
996 133 1
1030 146 1
1189 133 1
734 146 1
1250 133 1
858 187 1
913 77 1
952 48 1
980 57 1
1082 88 1
848 85 1
1078 116 1
993 52 1
844 88 1
982 180 1
994 185 1
1028 183 1
498 132 1
828 85 1
1189 86 1
874 45 1
981 146 1
1097 132 1
841 189 1
624 88 1
352 88 1
1115 205 1
1633 48 1
354 85 1
972 68 1
891 52 1
637 132 1
835 68 1
872 140 1
1065 133 1
1482 88 1
837 133 1
846 185 1
139 48 1
1120 80 1
894 197 1
896 85 1
1219 88 1
1012 185 1
241 88 1
871 24 1
353 85 1
1015 205 1
1860 48 1
615 48 1
1252 62 1
356 132 1
1016 177 1
558 132 1
820 48 1
1303 135 1
1719 87 1
1022 68 1
1062 183 1
944 132 1
1624 88 1
870 118 1
1664 118 1
570 48 1
1277 130 1
1197 88 1
630 185 1
845 88 1
424 132 1
1524 48 1
1664 133 1
600 177 1
1107 116 1
1041 169 1
950 88 1
1324 133 1
1084 133 1
859 208 1
1133 97 1
881 48 1
606 132 1
903 88 1
847 48 1
744 48 1
872 113 1
292 88 1
1201 205 1
840 71 1
977 66 1
647 88 1
1190 197 1
1724 88 1
707 48 1
1017 48 1
860 133 1
1082 146 1
1479 68 1
1110 196 1
698 97 1
862 132 1
936 87 1
969 66 1
756 205 1
1218 146 1
848 48 1
861 62 1
846 64 1
1318 146 1
1076 85 1
953 88 1
1157 80 1
849 68 1
132 88 1
757 205 1
848 56 1
870 97 1
844 205 1
943 113 1
1535 48 1
912 18 1
1338 132 1
865 132 1
808 135 1
38 88 1
900 208 1
873 199 1
541 132 1
886 85 1
895 133 1
1052 48 1
942 43 1
927 48 1
1905 88 1
1012 77 1
1012 86 1
869 148 1
799 86 1
942 177 1
866 88 1
537 85 1
1285 48 1
600 88 1
915 185 1
962 80 1
755 48 1
809 87 1
124 48 1
1004 68 1
1040 85 1
1362 188 1
1189 146 1
1103 205 1
1709 177 1
917 86 1
1176 133 1
1843 48 1
923 48 1
736 185 1
917 88 1
1089 97 1
1505 88 1
1014 116 1
1664 69 1
1074 46 1
744 68 1
127 132 1
1841 88 1
1221 85 1
734 31 1
708 77 1
1202 183 1
881 205 1
942 203 1
1231 208 1
1000 62 1
1100 85 1
942 68 1
775 68 1
52 88 1
713 88 1
842 62 1
1746 48 1
1216 66 1
924 62 1
1053 48 1
405 85 1
1527 188 1
653 48 1
1056 135 1
793 85 1
1065 87 1
1244 133 1
865 68 1
1153 87 1
873 120 1
1267 97 1
1101 57 1
1187 177 1
903 132 1
992 31 1
874 209 1
167 132 1
1819 68 1
1074 48 1
865 48 1
1241 48 1
898 66 1
844 206 1
123 85 1
456 132 1
1413 188 1
1594 88 1
778 132 1
918 175 1
1716 48 1
914 74 1
745 177 1
1085 149 1
841 208 1
771 48 1
1335 148 1
1209 77 1
1123 68 1
829 97 1
991 146 1
1908 46 1
984 68 1
766 48 1
1231 116 1
813 177 1
915 85 1
1061 196 1
765 46 1
941 132 1
1253 132 1
942 113 1
1064 20 1
1073 88 1
912 133 1
1795 205 1
1036 133 1
829 88 1
1058 205 1
44 132 1
864 205 1
412 132 1
1412 85 1
1054 80 1
924 133 1
1297 85 1
1118 205 1
1285 209 1
1277 97 1
789 185 1
1463 48 1
780 197 1
157 88 1
1909 88 1
1883 51 1
729 185 1
749 128 1
538 88 1
787 54 1
918 48 1
946 185 1
751 46 1
698 86 1
852 133 1
524 88 1
898 46 1
1088 85 1
489 132 1
823 57 1
795 146 1
874 175 1
934 80 1
1010 48 1
1841 102 1
912 208 1
810 177 1
767 88 1
1678 132 1
23 132 1
785 88 1
1378 188 1
743 66 1
998 146 1
1146 132 1
924 197 1
898 57 1
742 87 1
933 86 1
1012 208 1
158 85 1
913 132 1
1106 116 1
980 80 1
734 39 1
1171 64 1
842 208 1
701 48 1
967 52 1
1321 133 1
1552 85 1
804 105 1
181 132 1
984 52 1
949 133 1
886 132 1
662 188 1
626 188 1
749 138 1
830 132 1
1042 85 1
373 132 1
917 38 1
1522 88 1
20 88 1
885 205 1
746 177 1
1241 133 1
1052 1 1
1836 188 1
1717 88 1
33 88 1
915 187 1
756 88 1
1082 68 1
1129 183 1
450 88 1
1071 80 1
1319 62 1
776 48 1
802 48 1
1856 87 1
1914 88 1
1653 185 1
590 132 1
1742 87 1
789 208 1
901 132 1
909 188 1
1337 208 1
1095 132 1
1028 45 1
934 68 1
1015 116 1
793 132 1
986 48 1
1201 132 1
1086 132 1
817 205 1
1703 104 1
1197 133 1
1057 197 1
849 97 1
804 82 1
789 80 1
1031 133 1
1062 208 1
582 68 1
1318 48 1
889 185 1
1054 205 1
1732 85 1
1925 188 1
903 57 1
831 148 1
831 146 1
1707 80 1
908 57 1
914 87 1
1016 86 1
1054 66 1
842 85 1
1094 132 1
141 88 1
87 88 1
1657 188 1
1132 85 1
1103 133 1
1420 48 1
1120 205 1
845 132 1
301 132 1
1038 85 1
1561 88 1
1070 185 1
644 48 1
1005 206 1
1011 48 1
1297 88 1
1012 103 1
498 85 1
851 133 1
611 48 1
979 85 1
840 68 1
1875 48 1
326 85 1
789 24 1
1627 88 1
1264 48 1
875 87 1
1051 146 1
1054 115 1
1235 197 1
952 97 1
993 88 1
1099 149 1
1709 213 1
841 133 1
736 133 1
708 88 1
952 133 1
945 66 1
1293 205 1
1336 87 1
829 71 1
1068 188 1
1258 185 1
759 132 1
817 68 1
1636 88 1
942 208 1
487 88 1
713 188 1
735 205 1
969 188 1
840 133 1
841 46 1
848 205 1
639 88 1
864 197 1
1217 87 1
724 188 1
1661 85 1
757 48 1
1299 57 1
919 85 1
862 55 1
943 146 1
799 133 1
874 135 1
1086 208 1
1299 133 1
862 31 1
179 132 1
1238 146 1
1048 132 1
952 177 1
37 88 1
846 136 1
1251 173 1
1209 80 1
197 88 1
729 48 1
918 57 1
1337 206 1
400 88 1
897 137 1
720 188 1
1336 120 1
915 208 1
763 88 1
884 48 1
915 51 1
804 206 1
1027 97 1
944 188 1
923 57 1
1099 88 1
1374 85 1
1067 205 1
1044 87 1
967 146 1
1207 133 1
1311 185 1
1547 88 1
1552 132 1
795 86 1
1254 177 1
950 85 1
1067 185 1
1156 80 1
698 209 1
1331 133 1
898 132 1
957 48 1
587 188 1
897 214 1
924 190 1
1017 68 1
943 62 1
1167 48 1
868 68 1
694 132 1
1458 88 1
1089 87 1
1878 68 1
887 86 1
1679 87 1
1420 188 1
924 205 1
944 133 1
767 97 1
1478 188 1
1006 185 1
1324 85 1
454 88 1
1806 88 1
1105 205 1
831 136 1
995 132 1
898 188 1
1032 48 1
737 133 1
1210 48 1
841 188 1
1332 97 1
1096 206 1
1337 86 1
1123 209 1
845 206 1
845 85 1
553 185 1
874 88 1
885 97 1
1123 205 1
148 88 1
445 88 1
1149 46 1
872 68 1
1671 85 1
1709 185 1
845 133 1
966 133 1
1294 31 1
895 68 1
869 133 1
1063 85 1
873 68 1
912 62 1
1237 88 1
656 48 1
1011 57 1
917 68 1
840 132 1
1274 88 1
1110 48 1
1148 57 1
734 133 1
923 68 1
837 177 1
969 77 1
950 208 1
911 197 1
888 206 1
911 177 1
1309 132 1
1687 87 1
190 85 1
969 68 1
825 68 1
739 24 1
903 85 1
1078 87 1
955 95 1
977 183 1
842 71 1
585 188 1
835 85 1
1169 185 1
1032 5 1
873 85 1
1052 68 1
839 66 1
26 132 1
236 85 1
226 132 1
1272 48 1
909 185 1
1319 80 1
734 148 1
1034 68 1
21 132 1
876 55 1
833 149 1
548 185 1
1394 88 1
1110 205 1
922 132 1
1541 48 1
1895 185 1
933 87 1
844 146 1
1203 197 1
961 68 1
821 48 1
785 48 1
1186 197 1
745 68 1
917 151 1
645 48 1
857 85 1
1044 133 1
917 131 1
1069 97 1
960 85 1
1203 88 1
1195 133 1
1473 68 1
323 88 1
1177 146 1
945 97 1
864 146 1
901 24 1
1045 146 1
756 132 1
1254 197 1
1908 85 1
751 187 1
1802 132 1
1216 132 1
917 62 1
1619 88 1
404 88 1
834 85 1
1073 32 1
1798 88 1
1895 41 1
527 88 1
903 185 1
687 127 1
1173 48 1
950 133 1
794 183 1
1017 66 1
828 48 1
766 97 1
1047 48 1
852 55 1
117 88 1
1862 88 1
1119 48 1
971 188 1
841 55 1
698 22 1
1053 185 1
1094 185 1
737 205 1
1201 123 1
1152 206 1
993 80 1
1332 185 1
1916 133 1
1323 87 1
965 177 1
1015 209 1
858 205 1
1525 48 1
807 48 1
1842 88 1
876 48 1
1203 57 1
998 120 1
842 132 1
945 152 1
1299 97 1
1497 88 1
519 88 1
1260 197 1
835 133 1
881 133 1
984 148 1
1144 146 1
809 205 1
1194 205 1
1079 85 1
776 88 1
1173 197 1
1819 188 1
1097 177 1
777 66 1
1257 68 1
1309 68 1
503 188 1
1030 48 1
739 206 1
203 132 1
1756 85 1
1867 88 1
1059 40 1
1066 88 1
1573 88 1
1321 149 1
1335 48 1
1804 88 1
945 88 1
163 88 1
900 183 1
1788 85 1
564 88 1
1109 197 1
770 208 1
749 17 1
1061 132 1
871 48 1
1568 88 1
1796 88 1
1085 116 1
1058 48 1
768 86 1
383 88 1
994 132 1
1737 48 1
1007 48 1
1790 88 1
941 68 1
1137 185 1
1050 146 1
876 88 1
746 133 1
1138 80 1
638 88 1
1052 80 1
1144 48 1
1312 46 1
551 83 1
1906 188 1
842 205 1
740 185 1
862 97 1
284 132 1
1309 48 1
630 68 1
923 64 1
881 207 1
745 97 1
788 151 1
1201 48 1
1088 205 1
901 88 1
829 132 1
902 57 1
612 132 1
1204 68 1
1268 32 1
967 133 1
505 88 1
1135 31 1
870 197 1
1442 132 1
980 199 1
748 68 1
854 68 1
918 71 1
1664 56 1
1744 85 1
745 37 1
1122 88 1
1275 132 1
516 132 1
1030 64 1
1253 68 1
981 206 1
1070 177 1
873 56 1
1702 88 1
600 133 1
231 132 1
1057 132 1
1487 88 1
1255 88 1
996 85 1
991 183 1
1783 88 1
898 146 1
987 146 1
787 188 1
633 133 1
805 48 1
1148 133 1
1262 68 1
683 188 1
918 188 1
1108 146 1
534 88 1
891 205 1
1239 97 1
79 88 1
309 88 1
1376 85 1
738 146 1
60 132 1
919 46 1
1089 48 1
924 146 1
741 133 1
462 132 1
1873 88 1
965 133 1
1012 40 1
919 87 1
786 146 1
917 18 1
954 66 1
869 208 1
1603 88 1
1036 146 1
869 66 1
751 48 1
618 48 1
956 86 1
1225 132 1
955 177 1
1021 48 1
1012 116 1
1094 48 1
971 116 1
1264 68 1
1144 68 1
922 133 1
966 68 1
971 206 1
1240 48 1
3 48 1
873 64 1
1740 85 1
1511 48 1
485 88 1
719 41 1
1780 188 1
1287 87 1
352 213 1
866 68 1
1452 102 1
1833 48 1
884 197 1
1506 48 1
1012 64 1
1214 15 1
1256 185 1
1827 48 1
1265 197 1
1054 206 1
912 80 1
789 86 1
1131 183 1
869 20 1
211 85 1
841 71 1
1038 133 1
1064 97 1
1147 48 1
1011 133 1
925 207 1
830 68 1
1194 68 1
842 169 1
835 48 1
1288 133 1
1152 68 1
746 66 1
175 132 1
1210 133 1
1097 128 1
954 68 1
1728 132 1
869 209 1
1321 97 1
1537 88 1
1338 133 1
620 87 1
1656 48 1
1023 146 1
1025 92 1
768 133 1
373 85 1
951 24 1
422 88 1
1674 85 1
1191 185 1
836 88 1
1003 197 1
1039 123 1
1332 133 1
1376 132 1
739 133 1
1109 146 1
1038 48 1
911 41 1
878 132 1
1274 206 1
1276 88 1
1127 68 1
1028 132 1
472 88 1
1280 88 1
843 48 1
310 88 1
1022 133 1
924 148 1
1796 132 1
1299 205 1
677 48 1
1000 97 1
73 88 1
830 85 1
1680 132 1
1042 88 1
759 97 1
1880 51 1
1208 48 1
1437 48 1
941 185 1
967 183 1
919 48 1
1032 209 1
825 132 1
843 85 1
1365 48 1
934 133 1
845 74 1
1014 62 1
901 85 1
574 87 1
1193 48 1
63 88 1
899 41 1
1319 97 1
770 85 1
1064 159 1
1147 133 1
817 148 1
1036 48 1
1320 85 1
1284 41 1
844 48 1
1698 77 1
1505 48 1
925 177 1
967 66 1
1250 97 1
1301 133 1
1393 48 1
1570 88 1
1328 205 1
439 88 1
1052 208 1
1256 132 1
1333 46 1
915 62 1
1122 48 1
1250 85 1
571 132 1
1332 48 1
1367 88 1
1285 97 1
1709 133 1
1292 185 1
1054 208 1
1556 88 1
1908 51 1
583 88 1
775 205 1
1358 48 1
1558 48 1
793 197 1
1664 185 1
1292 148 1
1140 88 1
1044 52 1
749 133 1
870 205 1
1044 205 1
967 80 1
483 88 1
1292 132 1
1234 197 1
1102 146 1
908 48 1
1460 87 1
981 31 1
996 87 1
860 188 1
895 41 1
1034 183 1
1041 132 1
675 104 1
980 185 1
903 68 1
102 88 1
1072 48 1
1030 205 1
1030 197 1
1048 188 1
1381 177 1
1304 48 1
479 85 1
1038 68 1
804 177 1
1000 68 1
1352 48 1
744 123 1
1837 88 1
1084 205 1
984 62 1
36 85 1
1199 197 1
1048 133 1
968 68 1
835 88 1
894 177 1
845 183 1
1021 116 1
1904 48 1
925 88 1
1614 48 1
949 80 1
772 88 1
942 10 1
771 137 1
834 88 1
575 48 1
1257 206 1
1013 24 1
668 48 1
1751 88 1
427 88 1
1026 133 1
1118 48 1
1466 48 1
923 88 1
905 97 1
831 185 1
1888 48 1
965 110 1
742 177 1
1144 66 1
1069 177 1
982 132 1
943 86 1
719 87 1
600 188 1
1421 48 1
1015 115 1
573 188 1
456 85 1
1447 87 1
481 132 1
980 137 1
1644 48 1
983 133 1
909 199 1
279 88 1
1224 48 1
908 24 1
963 206 1
933 77 1
1337 188 1
941 72 1
843 71 1
1001 66 1
852 56 1
956 185 1
926 188 1
783 132 1
841 80 1
863 132 1
788 133 1
917 133 1
1608 88 1
303 132 1
270 88 1
135 85 1
860 66 1
960 39 1
288 88 1
1772 132 1
914 52 1
1006 66 1
1102 57 1
924 80 1
1063 208 1
1278 197 1
915 148 1
1104 205 1
1835 133 1
1000 151 1
863 48 1
925 185 1
967 88 1
845 125 1
925 146 1
1236 88 1
1309 86 1
447 88 1
1069 133 1
1054 1 1
1242 80 1
870 64 1
909 66 1
942 206 1
949 88 1
924 94 1
850 85 1
360 88 1
1895 175 1
1144 85 1
959 146 1
741 77 1
982 185 1
568 48 1
1260 97 1
869 57 1
416 88 1
1360 88 1
838 185 1
1079 133 1
55 132 1
419 88 1
1742 88 1
990 68 1
1032 66 1
15 88 1
955 1 1
1831 88 1
961 208 1
1325 46 1
1048 52 1
775 208 1
911 205 1
1194 197 1
723 48 1
1369 48 1
1104 185 1
888 132 1
852 97 1
1062 80 1
1042 48 1
1813 85 1
488 132 1
988 88 1
915 77 1
1895 88 1
1345 68 1
943 88 1
1574 88 1
871 85 1
767 149 1
890 136 1
1065 68 1
1572 132 1
918 80 1
930 86 1
896 80 1
488 85 1
754 133 1
1405 88 1
917 85 1
1252 116 1
840 57 1
1067 132 1
916 97 1
1145 68 1
911 188 1
904 88 1
886 68 1
1191 133 1
1248 85 1
610 88 1
1381 133 1
1231 209 1
637 85 1
1140 48 1
1228 118 1
750 88 1
825 97 1
1476 48 1
854 41 1
104 132 1
287 132 1
1447 48 1
123 132 1
1709 188 1
971 48 1
836 131 1
1157 183 1
128 88 1
1293 197 1
547 133 1
954 88 1
256 88 1
984 85 1
743 197 1
813 80 1
431 88 1
734 88 1
1130 68 1
352 48 1
787 146 1
734 56 1
1336 146 1
841 143 1
956 148 1
1170 68 1
850 163 1
956 71 1
751 87 1
1353 48 1
856 133 1
981 85 1
1067 146 1
1567 88 1
944 150 1
1046 46 1
1035 146 1
955 66 1
177 85 1
889 66 1
1779 48 1
941 133 1
967 85 1
1383 132 1
869 171 1
1037 133 1
1074 133 1
523 88 1
1900 88 1
942 197 1
914 80 1
1046 85 1
901 133 1
5 132 1
969 132 1
188 48 1
1664 85 1
950 185 1
1100 57 1
1243 86 1
580 185 1
879 85 1
1139 48 1
686 85 1
924 187 1
858 206 1
1500 88 1
750 146 1
740 188 1
888 183 1
577 87 1
1021 85 1
1054 48 1
639 185 1
1229 68 1
743 209 1
607 104 1
1336 57 1
869 77 1
914 133 1
1501 48 1
1473 188 1
919 68 1
1217 188 1
275 85 1
1699 88 1
1004 132 1
733 88 1
1028 66 1
1454 88 1
360 85 1
977 132 1
841 31 1
895 48 1
1305 97 1
1305 135 1
1286 185 1
27 88 1
1227 132 1
773 48 1
1021 187 1
923 116 1
1122 185 1
1215 68 1
792 88 1
1260 208 1
739 197 1
811 197 1
764 87 1
971 97 1
321 132 1
865 34 1
1673 88 1
1243 32 1
918 85 1
1338 68 1
1310 86 1
1195 68 1
1059 88 1
1125 88 1
981 86 1
1138 48 1
1318 123 1
936 80 1
934 208 1
1324 46 1
1438 88 1
937 80 1
407 88 1
900 197 1
1319 205 1
914 77 1
1342 53 1
1007 177 1
944 85 1
792 46 1
686 66 1
101 85 1
1086 46 1
1664 31 1
1240 197 1
150 85 1
1401 88 1
1008 185 1
1127 183 1
914 86 1
814 146 1
1135 206 1
814 133 1
725 88 1
910 146 1
1019 87 1
757 197 1
899 177 1
986 85 1
1200 32 1
840 197 1
484 88 1
1798 85 1
526 85 1
1375 88 1
829 118 1
618 80 1
911 64 1
1105 116 1
1075 169 1
1124 209 1
1074 177 1
629 88 1
1159 197 1
136 88 1
592 88 1
956 87 1
1129 48 1
996 132 1
435 88 1
1052 185 1
979 54 1
40 132 1
1040 97 1
664 48 1
744 208 1
1276 68 1
925 48 1
923 87 1
1012 177 1
1269 68 1
1229 48 1
1304 89 1
1879 132 1
1148 80 1
1173 57 1
870 57 1
915 128 1
1209 209 1
951 85 1
872 126 1
613 185 1
870 208 1
1865 48 1
924 152 1
1208 208 1
923 31 1
1237 133 1
1097 1 1
863 97 1
1020 169 1
1031 88 1
978 68 1
1243 194 1
1357 48 1
907 146 1
1269 205 1
998 185 1
775 188 1
751 206 1
850 19 1
915 73 1
1178 132 1
1094 205 1
830 97 1
924 52 1
1209 66 1
814 86 1
751 24 1
644 77 1
886 208 1
611 85 1
1035 206 1
919 77 1
904 71 1
1641 88 1
1742 85 1
1209 208 1
133 68 1
823 205 1
1448 85 1
1664 183 1
917 87 1
457 88 1
1326 46 1
1132 48 1
1257 48 1
967 116 1
1504 188 1
876 86 1
451 85 1
896 88 1
970 66 1
915 122 1
1215 183 1
1224 97 1
779 46 1
775 57 1
1479 177 1
924 132 1
893 88 1
1578 88 1
146 88 1
1252 55 1
1089 57 1
1336 1 1
1127 205 1
1284 185 1
379 132 1
1520 132 1
1337 85 1
750 133 1
925 71 1
1008 177 1
1201 197 1
904 183 1
1709 88 1
1305 133 1
1286 68 1
831 205 1
981 88 1
734 185 1
1383 85 1
913 185 1
905 88 1
1256 87 1
751 208 1
245 88 1
1203 85 1
1492 188 1
886 31 1
988 68 1
842 183 1
1420 133 1
952 146 1
555 48 1
1291 206 1
1335 185 1
490 88 1
1070 146 1
1265 206 1
1124 120 1
1285 205 1
973 120 1
793 80 1
969 187 1
1483 87 1
1560 88 1
54 88 1
854 66 1
1305 66 1
1201 85 1
814 85 1
995 85 1
771 77 1
1296 146 1
979 133 1
974 41 1
871 18 1
1307 48 1
787 3 1
966 86 1
1027 48 1
1058 206 1
873 66 1
1052 197 1
1477 48 1
1325 146 1
194 132 1
1031 125 1
863 55 1
589 85 1
1046 68 1
199 88 1
296 88 1
863 177 1
308 88 1
1336 177 1
1765 68 1
1159 46 1
1021 88 1
984 88 1
1131 206 1
1326 188 1
1277 135 1
908 68 1
656 88 1
1671 208 1
1817 188 1
921 205 1
744 88 1
1324 68 1
1292 68 1
842 133 1
835 87 1
1532 88 1
883 133 1
860 99 1
788 197 1
1155 97 1
722 68 1
915 200 1
1348 132 1
1001 116 1
913 115 1
873 97 1
840 75 1
1279 85 1
787 198 1
1398 48 1
297 88 1
1648 68 1
1065 88 1
1625 88 1
1267 132 1
1248 48 1
1149 169 1
1047 132 1
1123 197 1
1054 77 1
1828 68 1
823 97 1
1134 68 1
928 88 1
1333 68 1
984 116 1
1518 48 1
904 133 1
1041 131 1
1009 48 1
904 87 1
854 87 1
870 88 1
1167 149 1
789 177 1
896 209 1
788 12 1
1522 48 1
908 205 1
873 62 1
173 88 1
1066 68 1
943 197 1
113 88 1
1016 88 1
578 88 1
883 205 1
861 97 1
966 48 1
993 197 1
93 88 1
655 88 1
859 48 1
292 85 1
1332 85 1
884 206 1
1023 132 1
1026 9 1
954 118 1
843 132 1
1475 188 1
1266 187 1
1171 48 1
826 183 1
1920 48 1
854 57 1
1648 88 1
1022 120 1
1356 188 1
993 48 1
1334 185 1
1313 206 1
924 65 1
850 206 1
959 133 1
857 87 1
1015 132 1
1058 68 1
153 132 1
985 48 1
1203 86 1
1009 52 1
1286 132 1
744 132 1
1892 88 1
1052 146 1
1284 85 1
974 48 1
823 85 1
904 132 1
952 132 1
1177 88 1
1130 206 1
1381 68 1
776 87 1
261 88 1
659 132 1
1787 88 1
1203 46 1
872 88 1
1549 188 1
458 132 1
804 132 1
600 85 1
1094 80 1
1338 55 1
397 188 1
1285 80 1
983 24 1
1866 41 1
941 208 1
193 88 1
1069 183 1
1037 46 1
1079 48 1
1123 48 1
1523 88 1
1583 88 1
924 188 1
1622 48 1
1297 205 1
886 48 1
1113 48 1
852 185 1
974 183 1
667 88 1
990 88 1
952 71 1
451 132 1
1040 66 1
815 68 1
977 140 1
1029 1 1
825 208 1
781 68 1
1010 185 1
881 80 1
273 88 1
835 208 1
1019 131 1
1096 48 1
808 85 1
743 120 1
782 152 1
1001 133 1
891 68 1
1483 68 1
1890 48 1
1134 48 1
982 118 1
1665 85 1
919 88 1
829 187 1
954 133 1
1095 46 1
1031 48 1
257 132 1
1118 185 1
949 85 1
1184 85 1
850 188 1
1088 88 1
1329 68 1
109 88 1
1338 146 1
262 132 1
1043 52 1
969 88 1
1294 57 1
1099 97 1
885 133 1
945 45 1
1068 206 1
1544 48 1
1651 88 1
897 48 1
837 48 1
1050 88 1
648 48 1
840 185 1
1219 205 1
698 80 1
366 85 1
769 185 1
979 87 1
1004 85 1
1223 133 1
871 197 1
847 32 1
978 137 1
892 68 1
951 88 1
1066 52 1
1017 177 1
1646 88 1
365 88 1
1431 88 1
368 88 1
918 177 1
1199 205 1
1823 68 1
10 85 1
893 46 1
1231 48 1
721 80 1
951 116 1
1397 88 1
934 197 1
988 66 1
1335 88 1
1702 48 1
1000 148 1
1294 133 1
360 132 1
924 85 1
1303 68 1
1007 88 1
1319 188 1
1696 48 1
1107 48 1
1029 9 1
969 48 1
1300 146 1
1044 31 1
896 116 1
1147 208 1
1010 132 1
937 133 1
801 97 1
877 185 1
1256 48 1
1110 146 1
1334 132 1
1028 133 1
1287 68 1
1218 48 1
1062 46 1
797 48 1
1324 208 1
1323 132 1
980 48 1
789 48 1
1244 124 1
850 32 1
896 132 1
847 97 1
912 205 1
854 80 1
979 132 1
418 85 1
743 57 1
828 39 1
1762 88 1
511 88 1
1318 68 1
1062 87 1
387 88 1
835 132 1
743 110 1
1249 68 1
1733 48 1
1709 87 1
1881 87 1
810 97 1
1201 185 1
1178 116 1
1519 48 1
1658 77 1
1125 185 1
845 146 1
838 88 1
1272 87 1
1334 208 1
1323 62 1
734 97 1
1000 133 1
227 88 1
1008 80 1
698 85 1
965 88 1
951 197 1
1317 205 1
1080 48 1
1281 188 1
1252 97 1
898 85 1
710 188 1
1464 177 1
716 185 1
642 133 1
854 116 1
1019 88 1
799 97 1
1069 208 1
1067 88 1
1125 41 1
837 132 1
915 68 1
972 183 1
398 85 1
1280 205 1
1322 205 1
857 46 1
1394 188 1
460 132 1
844 188 1
966 51 1
1203 205 1
1422 188 1
1078 132 1
943 179 1
1120 197 1
1252 133 1
1123 206 1
987 132 1
179 88 1
1659 85 1
792 57 1
949 175 1
1290 71 1
906 68 1
449 88 1
793 205 1
977 118 1
313 88 1
158 88 1
1172 205 1
1012 54 1
831 97 1
1108 197 1
873 196 1
954 208 1
745 146 1
994 148 1
897 123 1
982 196 1
1890 133 1
1243 132 1
1082 41 1
968 185 1
910 57 1
35 88 1
799 88 1
1461 68 1
352 85 1
904 68 1
918 205 1
744 66 1
1032 204 1
1027 146 1
1910 85 1
537 132 1
992 48 1
845 66 1
937 68 1
748 85 1
854 133 1
1299 87 1
819 185 1
1734 48 1
805 132 1
1151 97 1
764 132 1
1415 68 1
1035 48 1
1773 48 1
849 139 1
1805 188 1
1833 87 1
955 148 1
1916 88 1
850 205 1
953 120 1
926 88 1
862 133 1
734 131 1
1007 7 1
1913 88 1
1230 88 1
1250 48 1
834 32 1
1000 187 1
1739 88 1
160 88 1
844 97 1
1671 68 1
699 85 1
1276 146 1
750 209 1
577 133 1
1029 183 1
378 132 1
951 132 1
797 136 1
1037 163 1
686 133 1
582 97 1
897 88 1
1596 88 1
848 209 1
1037 197 1
1214 197 1
844 68 1
1910 132 1
968 205 1
1836 77 1
1245 48 1
1774 132 1
861 80 1
1325 188 1
92 88 1
1718 132 1
881 46 1
1097 87 1
1876 85 1
869 132 1
1829 132 1
1645 88 1
234 88 1
745 55 1
1110 68 1
312 132 1
844 85 1
1071 88 1
1016 197 1
981 66 1
1070 133 1
1195 85 1
1286 80 1
471 88 1
988 132 1
443 88 1
925 46 1
743 48 1
1813 51 1
955 208 1
1012 146 1
751 80 1
1088 31 1
1137 46 1
875 97 1
111 88 1
895 31 1
1238 85 1
1244 132 1
1097 77 1
897 145 1
1012 111 1
593 188 1
643 88 1
1203 66 1
854 86 1
934 116 1
1656 88 1
896 146 1
1012 118 1
918 132 1
1732 132 1
1115 88 1
1820 88 1
1006 31 1
1210 132 1
1066 151 1
696 88 1
22 88 1
1678 68 1
917 116 1
1286 66 1
1059 185 1
1871 88 1
809 133 1
721 118 1
1771 48 1
370 88 1
754 85 1
260 88 1
1030 80 1
1109 205 1
107 88 1
642 48 1
507 88 1
1396 188 1
903 48 1
1245 132 1
1916 48 1
943 183 1
1450 188 1
284 85 1
913 183 1
992 146 1
788 30 1
906 205 1
899 188 1
983 132 1
1015 77 1
745 185 1
181 85 1
915 133 1
872 41 1
1357 68 1
496 85 1
1708 142 1
977 152 1
813 205 1
903 1 1
952 188 1
1032 136 1
1153 88 1
854 185 1
1020 148 1
805 68 1
639 48 1
1598 88 1
1052 86 1
912 146 1
1715 48 1
748 88 1
984 146 1
941 118 1
1186 205 1
830 177 1
1203 133 1
1143 146 1
1018 48 1
749 185 1
1045 46 1
1280 134 1
692 48 1
108 88 1
899 46 1
304 132 1
973 48 1
898 48 1
1317 197 1
1325 85 1
282 88 1
1041 80 1
1347 68 1
352 133 1
837 66 1
223 88 1
682 88 1
1245 31 1
1116 205 1
924 177 1
819 85 1
1888 177 1
994 68 1
1064 66 1
894 86 1
1038 46 1
1052 52 1
869 97 1
1234 48 1
1380 88 1
174 88 1
908 146 1
1324 132 1
1069 88 1
1024 46 1
1852 88 1
257 85 1
1067 154 1
1037 205 1
915 66 1
814 48 1
1252 66 1
1337 62 1
1068 48 1
1191 85 1
1247 48 1
105 88 1
142 85 1
822 32 1
867 133 1
356 85 1
1297 132 1
965 85 1
1499 48 1
1104 149 1
869 33 1
78 88 1
85 88 1
933 132 1
1023 66 1
155 88 1
917 97 1
882 177 1
896 183 1
41 88 1
1878 48 1
1894 88 1
1057 133 1
267 88 1
1310 48 1
1276 206 1
966 100 1
1000 185 1
888 48 1
1453 68 1
968 41 1
960 68 1
396 85 1
1011 85 1
1025 45 1
899 7 1
1328 57 1
1434 68 1
849 132 1
1229 133 1
1017 116 1
896 52 1
1595 88 1
686 146 1
1407 48 1
901 188 1
474 85 1
1135 197 1
1305 88 1
797 188 1
976 177 1
838 206 1
878 48 1
1675 132 1
440 85 1
1308 48 1
749 80 1
1203 120 1
1639 88 1
838 133 1
1203 183 1
1612 88 1
788 110 1
848 163 1
1078 133 1
966 85 1
147 88 1
1490 48 1
1295 205 1
885 132 1
972 120 1
453 132 1
968 208 1
614 188 1
833 57 1
348 97 1
1059 46 1
949 188 1
1221 48 1
1771 133 1
1006 68 1
1692 188 1
1274 132 1
425 132 1
749 68 1
634 48 1
1005 85 1
584 88 1
1735 97 1
935 132 1
1051 133 1
376 132 1
1202 46 1
701 85 1
1206 206 1
307 88 1
776 208 1
1477 132 1
175 85 1
1325 133 1
1777 132 1
879 148 1
966 146 1
916 197 1
1325 48 1
50 87 1
955 80 1
740 197 1
1085 177 1
918 146 1
1328 88 1
1766 48 1
788 56 1
775 66 1
666 133 1
1270 48 1
680 188 1
1098 205 1
1274 48 1
850 208 1
838 132 1
770 132 1
1569 88 1
706 85 1
847 87 1
865 88 1
1072 46 1
1211 206 1
1028 9 1
1278 48 1
698 31 1
845 62 1
914 187 1
1158 48 1
745 116 1
216 85 1
1577 88 1
1357 116 1
1255 66 1
879 97 1
1078 86 1
1323 205 1
958 48 1
1038 177 1
847 55 1
1002 48 1
1092 146 1
886 86 1
913 87 1
1010 133 1
675 48 1
737 146 1
1102 68 1
830 197 1
955 48 1
877 129 1
1708 133 1
69 88 1
611 133 1
872 48 1
1678 48 1
958 187 1
978 148 1
917 132 1
751 132 1
918 183 1
942 55 1
804 88 1
947 86 1
1338 139 1
653 133 1
982 183 1
574 39 1
813 48 1
1085 185 1
1051 71 1
1012 173 1
881 197 1
1660 177 1
864 55 1
911 185 1
1234 146 1
994 48 1
968 197 1
1709 48 1
748 48 1
903 197 1
845 48 1
969 205 1
917 183 1
955 85 1
850 135 1
787 197 1
983 68 1
1265 88 1
695 88 1
1121 48 1
1032 185 1
1211 85 1
858 32 1
698 188 1
1294 205 1
1334 48 1
947 133 1
1649 88 1
169 88 1
944 48 1
830 88 1
1912 88 1
897 188 1
744 85 1
983 87 1
1012 88 1
1037 57 1
608 88 1
144 88 1
1194 48 1
1336 66 1
787 66 1
626 88 1
263 85 1
1005 68 1
1070 88 1
1319 66 1
1323 153 1
1338 51 1
837 146 1
1799 132 1
